Var1_1,Var1_2,Var1_3,Var1_4,Var1_5,Var1_6,Var1_7,Var1_8,Var1_9,Var1_10,Var1_11,Var1_12,Var1_13,Var1_14,Var1_15,Var1_16,Var1_17,Var1_18,Var1_19,Var1_20,Var1_21,Var1_22,Var1_23,Var1_24,Var1_25,Var1_26,Var1_27,Var1_28,Var1_29,Var1_30,Var1_31,Var1_32,Var1_33,Var1_34,Var1_35,Var1_36,Var1_37,Var1_38
2.16124538141487,2.16124538141487,2.16124538141487,2.16124538141487,2.16124538141487,2.16124538141487,2.16124538141487,2.16124538141487,2.16124538141487,2.16124538141487,2.16124538141487,2.16124538141487,2.16124538141487,2.16124538141487,2.16124538141487,2.16124538141487,2.16124538141487,2.16124538141487,2.16124538141487,2.16124538141487,2.16124538141487,2.16124538141487,2.16124538141487,2.16124538141487,2.16124538141487,2.16124538141487,2.16124538141487,2.16124538141487,2.16124538141487,2.16124538141487,2.16124538141487,2.16124538141487,2.16124538141487,2.16124538141487,2.16124538141487,2.16124538141487,2.16124538141487,2.16124538141487
2.3199796235608,2.3199796235608,2.3199796235608,2.3199796235608,2.3199796235608,2.3199796235608,2.3199796235608,2.3199796235608,2.3199796235608,2.3199796235608,2.3199796235608,2.3199796235608,2.3199796235608,2.3199796235608,2.3199796235608,2.3199796235608,2.3199796235608,2.3199796235608,2.3199796235608,2.3199796235608,2.3199796235608,2.3199796235608,2.3199796235608,2.3199796235608,2.3199796235608,2.3199796235608,2.3199796235608,2.3199796235608,2.3199796235608,2.3199796235608,2.3199796235608,2.3199796235608,2.3199796235608,2.3199796235608,2.3199796235608,2.3199796235608,2.3199796235608,2.3199796235608
2.46745078683134,2.46745078683134,2.46745078683134,2.46745078683134,2.46745078683134,2.46745078683134,2.46745078683134,2.46745078683134,2.46745078683134,2.46745078683134,2.46745078683134,2.46745078683134,2.46745078683134,2.46745078683134,2.46745078683134,2.46745078683134,2.46745078683134,2.46745078683134,2.46745078683134,2.46745078683134,2.46745078683134,2.46745078683134,2.46745078683134,2.46745078683134,2.46745078683134,2.46745078683134,2.46745078683134,2.46745078683134,2.46745078683134,2.46745078683134,2.46745078683134,2.46745078683134,2.46745078683134,2.46745078683134,2.46745078683134,2.46745078683134,2.46745078683134,2.46745078683134
2.58690480239124,2.58690480239124,2.58690480239124,2.58690480239124,2.58690480239124,2.58690480239124,2.58690480239124,2.58690480239124,2.58690480239124,2.58690480239124,2.58690480239124,2.58690480239124,2.58690480239124,2.58690480239124,2.58690480239124,2.58690480239124,2.58690480239124,2.58690480239124,2.58690480239124,2.58690480239124,2.58690480239124,2.58690480239124,2.58690480239124,2.58690480239124,2.58690480239124,2.58690480239124,2.58690480239124,2.58690480239124,2.58690480239124,2.58690480239124,2.58690480239124,2.58690480239124,2.58690480239124,2.58690480239124,2.58690480239124,2.58690480239124,2.58690480239124,2.58690480239124
2.69912497537462,2.69912497537462,2.69912497537462,2.69912497537462,2.69912497537462,2.69912497537462,2.69912497537462,2.69912497537462,2.69912497537462,2.69912497537462,2.69912497537462,2.69912497537462,2.69912497537462,2.69912497537462,2.69912497537462,2.69912497537462,2.69912497537462,2.69912497537462,2.69912497537462,2.69912497537462,2.69912497537462,2.69912497537462,2.69912497537462,2.69912497537462,2.69912497537462,2.69912497537462,2.69912497537462,2.69912497537462,2.69912497537462,2.69912497537462,2.69912497537462,2.69912497537462,2.69912497537462,2.69912497537462,2.69912497537462,2.69912497537462,2.69912497537462,2.69912497537462
2.86139501311679,2.86139501311679,2.86139501311679,2.86139501311679,2.86139501311679,2.86139501311679,2.86139501311679,2.86139501311679,2.86139501311679,2.86139501311679,2.86139501311679,2.86139501311679,2.86139501311679,2.86139501311679,2.86139501311679,2.86139501311679,2.86139501311679,2.86139501311679,2.86139501311679,2.86139501311679,2.86139501311679,2.86139501311679,2.86139501311679,2.86139501311679,2.86139501311679,2.86139501311679,2.86139501311679,2.86139501311679,2.86139501311679,2.86139501311679,2.86139501311679,2.86139501311679,2.86139501311679,2.86139501311679,2.86139501311679,2.86139501311679,2.86139501311679,2.86139501311679
3.1237886098607,3.1237886098607,3.1237886098607,3.1237886098607,3.1237886098607,3.1237886098607,3.1237886098607,3.1237886098607,3.1237886098607,3.1237886098607,3.1237886098607,3.1237886098607,3.1237886098607,3.1237886098607,3.1237886098607,3.1237886098607,3.1237886098607,3.1237886098607,3.1237886098607,3.1237886098607,3.1237886098607,3.1237886098607,3.1237886098607,3.1237886098607,3.1237886098607,3.1237886098607,3.1237886098607,3.1237886098607,3.1237886098607,3.1237886098607,3.1237886098607,3.1237886098607,3.1237886098607,3.1237886098607,3.1237886098607,3.1237886098607,3.1237886098607,3.1237886098607
3.34128118351096,3.34128118351096,3.34128118351096,3.34128118351096,3.34128118351096,3.34128118351096,3.34128118351096,3.34128118351096,3.34128118351096,3.34128118351096,3.34128118351096,3.34128118351096,3.34128118351096,3.34128118351096,3.34128118351096,3.34128118351096,3.34128118351096,3.34128118351096,3.34128118351096,3.34128118351096,3.34128118351096,3.34128118351096,3.34128118351096,3.34128118351096,3.34128118351096,3.34128118351096,3.34128118351096,3.34128118351096,3.34128118351096,3.34128118351096,3.34128118351096,3.34128118351096,3.34128118351096,3.34128118351096,3.34128118351096,3.34128118351096,3.34128118351096,3.34128118351096
3.4570945193221,3.4570945193221,3.4570945193221,3.4570945193221,3.4570945193221,3.4570945193221,3.4570945193221,3.4570945193221,3.4570945193221,3.4570945193221,3.4570945193221,3.4570945193221,3.4570945193221,3.4570945193221,3.4570945193221,3.4570945193221,3.4570945193221,3.4570945193221,3.4570945193221,3.4570945193221,3.4570945193221,3.4570945193221,3.4570945193221,3.4570945193221,3.4570945193221,3.4570945193221,3.4570945193221,3.4570945193221,3.4570945193221,3.4570945193221,3.4570945193221,3.4570945193221,3.4570945193221,3.4570945193221,3.4570945193221,3.4570945193221,3.4570945193221,3.4570945193221
3.46877097592285,3.46877097592285,3.46877097592285,3.46877097592285,3.46877097592285,3.46877097592285,3.46877097592285,3.46877097592285,3.46877097592285,3.46877097592285,3.46877097592285,3.46877097592285,3.46877097592285,3.46877097592285,3.46877097592285,3.46877097592285,3.46877097592285,3.46877097592285,3.46877097592285,3.46877097592285,3.46877097592285,3.46877097592285,3.46877097592285,3.46877097592285,3.46877097592285,3.46877097592285,3.46877097592285,3.46877097592285,3.46877097592285,3.46877097592285,3.46877097592285,3.46877097592285,3.46877097592285,3.46877097592285,3.46877097592285,3.46877097592285,3.46877097592285,3.46877097592285
3.46819356895102,3.46819356895102,3.46819356895102,3.46819356895102,3.46819356895102,3.46819356895102,3.46819356895102,3.46819356895102,3.46819356895102,3.46819356895102,3.46819356895102,3.46819356895102,3.46819356895102,3.46819356895102,3.46819356895102,3.46819356895102,3.46819356895102,3.46819356895102,3.46819356895102,3.46819356895102,3.46819356895102,3.46819356895102,3.46819356895102,3.46819356895102,3.46819356895102,3.46819356895102,3.46819356895102,3.46819356895102,3.46819356895102,3.46819356895102,3.46819356895102,3.46819356895102,3.46819356895102,3.46819356895102,3.46819356895102,3.46819356895102,3.46819356895102,3.46819356895102
3.46378246612085,3.46378246612085,3.46378246612085,3.46378246612085,3.46378246612085,3.46378246612085,3.46378246612085,3.46378246612085,3.46378246612085,3.46378246612085,3.46378246612085,3.46378246612085,3.46378246612085,3.46378246612085,3.46378246612085,3.46378246612085,3.46378246612085,3.46378246612085,3.46378246612085,3.46378246612085,3.46378246612085,3.46378246612085,3.46378246612085,3.46378246612085,3.46378246612085,3.46378246612085,3.46378246612085,3.46378246612085,3.46378246612085,3.46378246612085,3.46378246612085,3.46378246612085,3.46378246612085,3.46378246612085,3.46378246612085,3.46378246612085,3.46378246612085,3.46378246612085
3.45620787466089,3.45620787466089,3.45620787466089,3.45620787466089,3.45620787466089,3.45620787466089,3.45620787466089,3.45620787466089,3.45620787466089,3.45620787466089,3.45620787466089,3.45620787466089,3.45620787466089,3.45620787466089,3.45620787466089,3.45620787466089,3.45620787466089,3.45620787466089,3.45620787466089,3.45620787466089,3.45620787466089,3.45620787466089,3.45620787466089,3.45620787466089,3.45620787466089,3.45620787466089,3.45620787466089,3.45620787466089,3.45620787466089,3.45620787466089,3.45620787466089,3.45620787466089,3.45620787466089,3.45620787466089,3.45620787466089,3.45620787466089,3.45620787466089,3.45620787466089
3.44740573887015,3.44740573887015,3.44740573887015,3.44740573887015,3.44740573887015,3.44740573887015,3.44740573887015,3.44740573887015,3.44740573887015,3.44740573887015,3.44740573887015,3.44740573887015,3.44740573887015,3.44740573887015,3.44740573887015,3.44740573887015,3.44740573887015,3.44740573887015,3.44740573887015,3.44740573887015,3.44740573887015,3.44740573887015,3.44740573887015,3.44740573887015,3.44740573887015,3.44740573887015,3.44740573887015,3.44740573887015,3.44740573887015,3.44740573887015,3.44740573887015,3.44740573887015,3.44740573887015,3.44740573887015,3.44740573887015,3.44740573887015,3.44740573887015,3.44740573887015
3.4378513370861,3.4378513370861,3.4378513370861,3.4378513370861,3.4378513370861,3.4378513370861,3.4378513370861,3.4378513370861,3.4378513370861,3.4378513370861,3.4378513370861,3.4378513370861,3.4378513370861,3.4378513370861,3.4378513370861,3.4378513370861,3.4378513370861,3.4378513370861,3.4378513370861,3.4378513370861,3.4378513370861,3.4378513370861,3.4378513370861,3.4378513370861,3.4378513370861,3.4378513370861,3.4378513370861,3.4378513370861,3.4378513370861,3.4378513370861,3.4378513370861,3.4378513370861,3.4378513370861,3.4378513370861,3.4378513370861,3.4378513370861,3.4378513370861,3.4378513370861
3.42820932478093,3.42820932478093,3.42820932478093,3.42820932478093,3.42820932478093,3.42820932478093,3.42820932478093,3.42820932478093,3.42820932478093,3.42820932478093,3.42820932478093,3.42820932478093,3.42820932478093,3.42820932478093,3.42820932478093,3.42820932478093,3.42820932478093,3.42820932478093,3.42820932478093,3.42820932478093,3.42820932478093,3.42820932478093,3.42820932478093,3.42820932478093,3.42820932478093,3.42820932478093,3.42820932478093,3.42820932478093,3.42820932478093,3.42820932478093,3.42820932478093,3.42820932478093,3.42820932478093,3.42820932478093,3.42820932478093,3.42820932478093,3.42820932478093,3.42820932478093
3.41838152773738,3.41838152773738,3.41838152773738,3.41838152773738,3.41838152773738,3.41838152773738,3.41838152773738,3.41838152773738,3.41838152773738,3.41838152773738,3.41838152773738,3.41838152773738,3.41838152773738,3.41838152773738,3.41838152773738,3.41838152773738,3.41838152773738,3.41838152773738,3.41838152773738,3.41838152773738,3.41838152773738,3.41838152773738,3.41838152773738,3.41838152773738,3.41838152773738,3.41838152773738,3.41838152773738,3.41838152773738,3.41838152773738,3.41838152773738,3.41838152773738,3.41838152773738,3.41838152773738,3.41838152773738,3.41838152773738,3.41838152773738,3.41838152773738,3.41838152773738
3.40876103664215,3.40876103664215,3.40876103664215,3.40876103664215,3.40876103664215,3.40876103664215,3.40876103664215,3.40876103664215,3.40876103664215,3.40876103664215,3.40876103664215,3.40876103664215,3.40876103664215,3.40876103664215,3.40876103664215,3.40876103664215,3.40876103664215,3.40876103664215,3.40876103664215,3.40876103664215,3.40876103664215,3.40876103664215,3.40876103664215,3.40876103664215,3.40876103664215,3.40876103664215,3.40876103664215,3.40876103664215,3.40876103664215,3.40876103664215,3.40876103664215,3.40876103664215,3.40876103664215,3.40876103664215,3.40876103664215,3.40876103664215,3.40876103664215,3.40876103664215
3.39863024194192,3.39863024194192,3.39863024194192,3.39863024194192,3.39863024194192,3.39863024194192,3.39863024194192,3.39863024194192,3.39863024194192,3.39863024194192,3.39863024194192,3.39863024194192,3.39863024194192,3.39863024194192,3.39863024194192,3.39863024194192,3.39863024194192,3.39863024194192,3.39863024194192,3.39863024194192,3.39863024194192,3.39863024194192,3.39863024194192,3.39863024194192,3.39863024194192,3.39863024194192,3.39863024194192,3.39863024194192,3.39863024194192,3.39863024194192,3.39863024194192,3.39863024194192,3.39863024194192,3.39863024194192,3.39863024194192,3.39863024194192,3.39863024194192,3.39863024194192
3.38812710895015,3.38812710895015,3.38812710895015,3.38812710895015,3.38812710895015,3.38812710895015,3.38812710895015,3.38812710895015,3.38812710895015,3.38812710895015,3.38812710895015,3.38812710895015,3.38812710895015,3.38812710895015,3.38812710895015,3.38812710895015,3.38812710895015,3.38812710895015,3.38812710895015,3.38812710895015,3.38812710895015,3.38812710895015,3.38812710895015,3.38812710895015,3.38812710895015,3.38812710895015,3.38812710895015,3.38812710895015,3.38812710895015,3.38812710895015,3.38812710895015,3.38812710895015,3.38812710895015,3.38812710895015,3.38812710895015,3.38812710895015,3.38812710895015,3.38812710895015
3.37798002807613,3.37798002807613,3.37798002807613,3.37798002807613,3.37798002807613,3.37798002807613,3.37798002807613,3.37798002807613,3.37798002807613,3.37798002807613,3.37798002807613,3.37798002807613,3.37798002807613,3.37798002807613,3.37798002807613,3.37798002807613,3.37798002807613,3.37798002807613,3.37798002807613,3.37798002807613,3.37798002807613,3.37798002807613,3.37798002807613,3.37798002807613,3.37798002807613,3.37798002807613,3.37798002807613,3.37798002807613,3.37798002807613,3.37798002807613,3.37798002807613,3.37798002807613,3.37798002807613,3.37798002807613,3.37798002807613,3.37798002807613,3.37798002807613,3.37798002807613
3.368225362085,3.368225362085,3.368225362085,3.368225362085,3.368225362085,3.368225362085,3.368225362085,3.368225362085,3.368225362085,3.368225362085,3.368225362085,3.368225362085,3.368225362085,3.368225362085,3.368225362085,3.368225362085,3.368225362085,3.368225362085,3.368225362085,3.368225362085,3.368225362085,3.368225362085,3.368225362085,3.368225362085,3.368225362085,3.368225362085,3.368225362085,3.368225362085,3.368225362085,3.368225362085,3.368225362085,3.368225362085,3.368225362085,3.368225362085,3.368225362085,3.368225362085,3.368225362085,3.368225362085
3.35889333818085,3.35889333818085,3.35889333818085,3.35889333818085,3.35889333818085,3.35889333818085,3.35889333818085,3.35889333818085,3.35889333818085,3.35889333818085,3.35889333818085,3.35889333818085,3.35889333818085,3.35889333818085,3.35889333818085,3.35889333818085,3.35889333818085,3.35889333818085,3.35889333818085,3.35889333818085,3.35889333818085,3.35889333818085,3.35889333818085,3.35889333818085,3.35889333818085,3.35889333818085,3.35889333818085,3.35889333818085,3.35889333818085,3.35889333818085,3.35889333818085,3.35889333818085,3.35889333818085,3.35889333818085,3.35889333818085,3.35889333818085,3.35889333818085,3.35889333818085
3.35000888500073,3.35000888500073,3.35000888500073,3.35000888500073,3.35000888500073,3.35000888500073,3.35000888500073,3.35000888500073,3.35000888500073,3.35000888500073,3.35000888500073,3.35000888500073,3.35000888500073,3.35000888500073,3.35000888500073,3.35000888500073,3.35000888500073,3.35000888500073,3.35000888500073,3.35000888500073,3.35000888500073,3.35000888500073,3.35000888500073,3.35000888500073,3.35000888500073,3.35000888500073,3.35000888500073,3.35000888500073,3.35000888500073,3.35000888500073,3.35000888500073,3.35000888500073,3.35000888500073,3.35000888500073,3.35000888500073,3.35000888500073,3.35000888500073,3.35000888500073
3.34158966922962,3.34158966922962,3.34158966922962,3.34158966922962,3.34158966922962,3.34158966922962,3.34158966922962,3.34158966922962,3.34158966922962,3.34158966922962,3.34158966922962,3.34158966922962,3.34158966922962,3.34158966922962,3.34158966922962,3.34158966922962,3.34158966922962,3.34158966922962,3.34158966922962,3.34158966922962,3.34158966922962,3.34158966922962,3.34158966922962,3.34158966922962,3.34158966922962,3.34158966922962,3.34158966922962,3.34158966922962,3.34158966922962,3.34158966922962,3.34158966922962,3.34158966922962,3.34158966922962,3.34158966922962,3.34158966922962,3.34158966922962,3.34158966922962,3.34158966922962
3.3336486425211,3.3336486425211,3.3336486425211,3.3336486425211,3.3336486425211,3.3336486425211,3.3336486425211,3.3336486425211,3.3336486425211,3.3336486425211,3.3336486425211,3.3336486425211,3.3336486425211,3.3336486425211,3.3336486425211,3.3336486425211,3.3336486425211,3.3336486425211,3.3336486425211,3.3336486425211,3.3336486425211,3.3336486425211,3.3336486425211,3.3336486425211,3.3336486425211,3.3336486425211,3.3336486425211,3.3336486425211,3.3336486425211,3.3336486425211,3.3336486425211,3.3336486425211,3.3336486425211,3.3336486425211,3.3336486425211,3.3336486425211,3.3336486425211,3.3336486425211
3.32615286113655,3.32615286113655,3.32615286113655,3.32615286113655,3.32615286113655,3.32615286113655,3.32615286113655,3.32615286113655,3.32615286113655,3.32615286113655,3.32615286113655,3.32615286113655,3.32615286113655,3.32615286113655,3.32615286113655,3.32615286113655,3.32615286113655,3.32615286113655,3.32615286113655,3.32615286113655,3.32615286113655,3.32615286113655,3.32615286113655,3.32615286113655,3.32615286113655,3.32615286113655,3.32615286113655,3.32615286113655,3.32615286113655,3.32615286113655,3.32615286113655,3.32615286113655,3.32615286113655,3.32615286113655,3.32615286113655,3.32615286113655,3.32615286113655,3.32615286113655
3.3191408201546,3.3191408201546,3.3191408201546,3.3191408201546,3.3191408201546,3.3191408201546,3.3191408201546,3.3191408201546,3.3191408201546,3.3191408201546,3.3191408201546,3.3191408201546,3.3191408201546,3.3191408201546,3.3191408201546,3.3191408201546,3.3191408201546,3.3191408201546,3.3191408201546,3.3191408201546,3.3191408201546,3.3191408201546,3.3191408201546,3.3191408201546,3.3191408201546,3.3191408201546,3.3191408201546,3.3191408201546,3.3191408201546,3.3191408201546,3.3191408201546,3.3191408201546,3.3191408201546,3.3191408201546,3.3191408201546,3.3191408201546,3.3191408201546,3.3191408201546
3.31261522048123,3.31261522048123,3.31261522048123,3.31261522048123,3.31261522048123,3.31261522048123,3.31261522048123,3.31261522048123,3.31261522048123,3.31261522048123,3.31261522048123,3.31261522048123,3.31261522048123,3.31261522048123,3.31261522048123,3.31261522048123,3.31261522048123,3.31261522048123,3.31261522048123,3.31261522048123,3.31261522048123,3.31261522048123,3.31261522048123,3.31261522048123,3.31261522048123,3.31261522048123,3.31261522048123,3.31261522048123,3.31261522048123,3.31261522048123,3.31261522048123,3.31261522048123,3.31261522048123,3.31261522048123,3.31261522048123,3.31261522048123,3.31261522048123,3.31261522048123
3.30657312131174,3.30657312131174,3.30657312131174,3.30657312131174,3.30657312131174,3.30657312131174,3.30657312131174,3.30657312131174,3.30657312131174,3.30657312131174,3.30657312131174,3.30657312131174,3.30657312131174,3.30657312131174,3.30657312131174,3.30657312131174,3.30657312131174,3.30657312131174,3.30657312131174,3.30657312131174,3.30657312131174,3.30657312131174,3.30657312131174,3.30657312131174,3.30657312131174,3.30657312131174,3.30657312131174,3.30657312131174,3.30657312131174,3.30657312131174,3.30657312131174,3.30657312131174,3.30657312131174,3.30657312131174,3.30657312131174,3.30657312131174,3.30657312131174,3.30657312131174
3.30100797218577,3.30100797218577,3.30100797218577,3.30100797218577,3.30100797218577,3.30100797218577,3.30100797218577,3.30100797218577,3.30100797218577,3.30100797218577,3.30100797218577,3.30100797218577,3.30100797218577,3.30100797218577,3.30100797218577,3.30100797218577,3.30100797218577,3.30100797218577,3.30100797218577,3.30100797218577,3.30100797218577,3.30100797218577,3.30100797218577,3.30100797218577,3.30100797218577,3.30100797218577,3.30100797218577,3.30100797218577,3.30100797218577,3.30100797218577,3.30100797218577,3.30100797218577,3.30100797218577,3.30100797218577,3.30100797218577,3.30100797218577,3.30100797218577,3.30100797218577
3.29591055247737,3.29591055247737,3.29591055247737,3.29591055247737,3.29591055247737,3.29591055247737,3.29591055247737,3.29591055247737,3.29591055247737,3.29591055247737,3.29591055247737,3.29591055247737,3.29591055247737,3.29591055247737,3.29591055247737,3.29591055247737,3.29591055247737,3.29591055247737,3.29591055247737,3.29591055247737,3.29591055247737,3.29591055247737,3.29591055247737,3.29591055247737,3.29591055247737,3.29591055247737,3.29591055247737,3.29591055247737,3.29591055247737,3.29591055247737,3.29591055247737,3.29591055247737,3.29591055247737,3.29591055247737,3.29591055247737,3.29591055247737,3.29591055247737,3.29591055247737
3.2912690647272,3.2912690647272,3.2912690647272,3.2912690647272,3.2912690647272,3.2912690647272,3.2912690647272,3.2912690647272,3.2912690647272,3.2912690647272,3.2912690647272,3.2912690647272,3.2912690647272,3.2912690647272,3.2912690647272,3.2912690647272,3.2912690647272,3.2912690647272,3.2912690647272,3.2912690647272,3.2912690647272,3.2912690647272,3.2912690647272,3.2912690647272,3.2912690647272,3.2912690647272,3.2912690647272,3.2912690647272,3.2912690647272,3.2912690647272,3.2912690647272,3.2912690647272,3.2912690647272,3.2912690647272,3.2912690647272,3.2912690647272,3.2912690647272,3.2912690647272
3.28706971055882,3.28706971055882,3.28706971055882,3.28706971055882,3.28706971055882,3.28706971055882,3.28706971055882,3.28706971055882,3.28706971055882,3.28706971055882,3.28706971055882,3.28706971055882,3.28706971055882,3.28706971055882,3.28706971055882,3.28706971055882,3.28706971055882,3.28706971055882,3.28706971055882,3.28706971055882,3.28706971055882,3.28706971055882,3.28706971055882,3.28706971055882,3.28706971055882,3.28706971055882,3.28706971055882,3.28706971055882,3.28706971055882,3.28706971055882,3.28706971055882,3.28706971055882,3.28706971055882,3.28706971055882,3.28706971055882,3.28706971055882,3.28706971055882,3.28706971055882
3.28326260758847,3.28326260758847,3.28326260758847,3.28326260758847,3.28326260758847,3.28326260758847,3.28326260758847,3.28326260758847,3.28326260758847,3.28326260758847,3.28326260758847,3.28326260758847,3.28326260758847,3.28326260758847,3.28326260758847,3.28326260758847,3.28326260758847,3.28326260758847,3.28326260758847,3.28326260758847,3.28326260758847,3.28326260758847,3.28326260758847,3.28326260758847,3.28326260758847,3.28326260758847,3.28326260758847,3.28326260758847,3.28326260758847,3.28326260758847,3.28326260758847,3.28326260758847,3.28326260758847,3.28326260758847,3.28326260758847,3.28326260758847,3.28326260758847,3.28326260758847
3.27989582430493,3.27989582430493,3.27989582430493,3.27989582430493,3.27989582430493,3.27989582430493,3.27989582430493,3.27989582430493,3.27989582430493,3.27989582430493,3.27989582430493,3.27989582430493,3.27989582430493,3.27989582430493,3.27989582430493,3.27989582430493,3.27989582430493,3.27989582430493,3.27989582430493,3.27989582430493,3.27989582430493,3.27989582430493,3.27989582430493,3.27989582430493,3.27989582430493,3.27989582430493,3.27989582430493,3.27989582430493,3.27989582430493,3.27989582430493,3.27989582430493,3.27989582430493,3.27989582430493,3.27989582430493,3.27989582430493,3.27989582430493,3.27989582430493,3.27989582430493
3.27691789235383,3.27691789235383,3.27691789235383,3.27691789235383,3.27691789235383,3.27691789235383,3.27691789235383,3.27691789235383,3.27691789235383,3.27691789235383,3.27691789235383,3.27691789235383,3.27691789235383,3.27691789235383,3.27691789235383,3.27691789235383,3.27691789235383,3.27691789235383,3.27691789235383,3.27691789235383,3.27691789235383,3.27691789235383,3.27691789235383,3.27691789235383,3.27691789235383,3.27691789235383,3.27691789235383,3.27691789235383,3.27691789235383,3.27691789235383,3.27691789235383,3.27691789235383,3.27691789235383,3.27691789235383,3.27691789235383,3.27691789235383,3.27691789235383,3.27691789235383
3.27430804352091,3.27430804352091,3.27430804352091,3.27430804352091,3.27430804352091,3.27430804352091,3.27430804352091,3.27430804352091,3.27430804352091,3.27430804352091,3.27430804352091,3.27430804352091,3.27430804352091,3.27430804352091,3.27430804352091,3.27430804352091,3.27430804352091,3.27430804352091,3.27430804352091,3.27430804352091,3.27430804352091,3.27430804352091,3.27430804352091,3.27430804352091,3.27430804352091,3.27430804352091,3.27430804352091,3.27430804352091,3.27430804352091,3.27430804352091,3.27430804352091,3.27430804352091,3.27430804352091,3.27430804352091,3.27430804352091,3.27430804352091,3.27430804352091,3.27430804352091
3.2720442827314,3.2720442827314,3.2720442827314,3.2720442827314,3.2720442827314,3.2720442827314,3.2720442827314,3.2720442827314,3.2720442827314,3.2720442827314,3.2720442827314,3.2720442827314,3.2720442827314,3.2720442827314,3.2720442827314,3.2720442827314,3.2720442827314,3.2720442827314,3.2720442827314,3.2720442827314,3.2720442827314,3.2720442827314,3.2720442827314,3.2720442827314,3.2720442827314,3.2720442827314,3.2720442827314,3.2720442827314,3.2720442827314,3.2720442827314,3.2720442827314,3.2720442827314,3.2720442827314,3.2720442827314,3.2720442827314,3.2720442827314,3.2720442827314,3.2720442827314
3.27010357058922,3.27010357058922,3.27010357058922,3.27010357058922,3.27010357058922,3.27010357058922,3.27010357058922,3.27010357058922,3.27010357058922,3.27010357058922,3.27010357058922,3.27010357058922,3.27010357058922,3.27010357058922,3.27010357058922,3.27010357058922,3.27010357058922,3.27010357058922,3.27010357058922,3.27010357058922,3.27010357058922,3.27010357058922,3.27010357058922,3.27010357058922,3.27010357058922,3.27010357058922,3.27010357058922,3.27010357058922,3.27010357058922,3.27010357058922,3.27010357058922,3.27010357058922,3.27010357058922,3.27010357058922,3.27010357058922,3.27010357058922,3.27010357058922,3.27010357058922
3.26846191515794,3.26846191515794,3.26846191515794,3.26846191515794,3.26846191515794,3.26846191515794,3.26846191515794,3.26846191515794,3.26846191515794,3.26846191515794,3.26846191515794,3.26846191515794,3.26846191515794,3.26846191515794,3.26846191515794,3.26846191515794,3.26846191515794,3.26846191515794,3.26846191515794,3.26846191515794,3.26846191515794,3.26846191515794,3.26846191515794,3.26846191515794,3.26846191515794,3.26846191515794,3.26846191515794,3.26846191515794,3.26846191515794,3.26846191515794,3.26846191515794,3.26846191515794,3.26846191515794,3.26846191515794,3.26846191515794,3.26846191515794,3.26846191515794,3.26846191515794
3.26709450132848,3.26709450132848,3.26709450132848,3.26709450132848,3.26709450132848,3.26709450132848,3.26709450132848,3.26709450132848,3.26709450132848,3.26709450132848,3.26709450132848,3.26709450132848,3.26709450132848,3.26709450132848,3.26709450132848,3.26709450132848,3.26709450132848,3.26709450132848,3.26709450132848,3.26709450132848,3.26709450132848,3.26709450132848,3.26709450132848,3.26709450132848,3.26709450132848,3.26709450132848,3.26709450132848,3.26709450132848,3.26709450132848,3.26709450132848,3.26709450132848,3.26709450132848,3.26709450132848,3.26709450132848,3.26709450132848,3.26709450132848,3.26709450132848,3.26709450132848
3.26597584440646,3.26597584440646,3.26597584440646,3.26597584440646,3.26597584440646,3.26597584440646,3.26597584440646,3.26597584440646,3.26597584440646,3.26597584440646,3.26597584440646,3.26597584440646,3.26597584440646,3.26597584440646,3.26597584440646,3.26597584440646,3.26597584440646,3.26597584440646,3.26597584440646,3.26597584440646,3.26597584440646,3.26597584440646,3.26597584440646,3.26597584440646,3.26597584440646,3.26597584440646,3.26597584440646,3.26597584440646,3.26597584440646,3.26597584440646,3.26597584440646,3.26597584440646,3.26597584440646,3.26597584440646,3.26597584440646,3.26597584440646,3.26597584440646,3.26597584440646
3.26504746445151,3.26504746445151,3.26504746445151,3.26504746445151,3.26504746445151,3.26504746445151,3.26504746445151,3.26504746445151,3.26504746445151,3.26504746445151,3.26504746445151,3.26504746445151,3.26504746445151,3.26504746445151,3.26504746445151,3.26504746445151,3.26504746445151,3.26504746445151,3.26504746445151,3.26504746445151,3.26504746445151,3.26504746445151,3.26504746445151,3.26504746445151,3.26504746445151,3.26504746445151,3.26504746445151,3.26504746445151,3.26504746445151,3.26504746445151,3.26504746445151,3.26504746445151,3.26504746445151,3.26504746445151,3.26504746445151,3.26504746445151,3.26504746445151,3.26504746445151
3.26434612540635,3.26434612540635,3.26434612540635,3.26434612540635,3.26434612540635,3.26434612540635,3.26434612540635,3.26434612540635,3.26434612540635,3.26434612540635,3.26434612540635,3.26434612540635,3.26434612540635,3.26434612540635,3.26434612540635,3.26434612540635,3.26434612540635,3.26434612540635,3.26434612540635,3.26434612540635,3.26434612540635,3.26434612540635,3.26434612540635,3.26434612540635,3.26434612540635,3.26434612540635,3.26434612540635,3.26434612540635,3.26434612540635,3.26434612540635,3.26434612540635,3.26434612540635,3.26434612540635,3.26434612540635,3.26434612540635,3.26434612540635,3.26434612540635,3.26434612540635
3.26381388978441,3.26381388978441,3.26381388978441,3.26381388978441,3.26381388978441,3.26381388978441,3.26381388978441,3.26381388978441,3.26381388978441,3.26381388978441,3.26381388978441,3.26381388978441,3.26381388978441,3.26381388978441,3.26381388978441,3.26381388978441,3.26381388978441,3.26381388978441,3.26381388978441,3.26381388978441,3.26381388978441,3.26381388978441,3.26381388978441,3.26381388978441,3.26381388978441,3.26381388978441,3.26381388978441,3.26381388978441,3.26381388978441,3.26381388978441,3.26381388978441,3.26381388978441,3.26381388978441,3.26381388978441,3.26381388978441,3.26381388978441,3.26381388978441,3.26381388978441
3.26342343710367,3.26342343710367,3.26342343710367,3.26342343710367,3.26342343710367,3.26342343710367,3.26342343710367,3.26342343710367,3.26342343710367,3.26342343710367,3.26342343710367,3.26342343710367,3.26342343710367,3.26342343710367,3.26342343710367,3.26342343710367,3.26342343710367,3.26342343710367,3.26342343710367,3.26342343710367,3.26342343710367,3.26342343710367,3.26342343710367,3.26342343710367,3.26342343710367,3.26342343710367,3.26342343710367,3.26342343710367,3.26342343710367,3.26342343710367,3.26342343710367,3.26342343710367,3.26342343710367,3.26342343710367,3.26342343710367,3.26342343710367,3.26342343710367,3.26342343710367
3.2631471529829,3.2631471529829,3.2631471529829,3.2631471529829,3.2631471529829,3.2631471529829,3.2631471529829,3.2631471529829,3.2631471529829,3.2631471529829,3.2631471529829,3.2631471529829,3.2631471529829,3.2631471529829,3.2631471529829,3.2631471529829,3.2631471529829,3.2631471529829,3.2631471529829,3.2631471529829,3.2631471529829,3.2631471529829,3.2631471529829,3.2631471529829,3.2631471529829,3.2631471529829,3.2631471529829,3.2631471529829,3.2631471529829,3.2631471529829,3.2631471529829,3.2631471529829,3.2631471529829,3.2631471529829,3.2631471529829,3.2631471529829,3.2631471529829,3.2631471529829
3.26295716761867,3.26295716761867,3.26295716761867,3.26295716761867,3.26295716761867,3.26295716761867,3.26295716761867,3.26295716761867,3.26295716761867,3.26295716761867,3.26295716761867,3.26295716761867,3.26295716761867,3.26295716761867,3.26295716761867,3.26295716761867,3.26295716761867,3.26295716761867,3.26295716761867,3.26295716761867,3.26295716761867,3.26295716761867,3.26295716761867,3.26295716761867,3.26295716761867,3.26295716761867,3.26295716761867,3.26295716761867,3.26295716761867,3.26295716761867,3.26295716761867,3.26295716761867,3.26295716761867,3.26295716761867,3.26295716761867,3.26295716761867,3.26295716761867,3.26295716761867
3.26282537684534,3.26282537684534,3.26282537684534,3.26282537684534,3.26282537684534,3.26282537684534,3.26282537684534,3.26282537684534,3.26282537684534,3.26282537684534,3.26282537684534,3.26282537684534,3.26282537684534,3.26282537684534,3.26282537684534,3.26282537684534,3.26282537684534,3.26282537684534,3.26282537684534,3.26282537684534,3.26282537684534,3.26282537684534,3.26282537684534,3.26282537684534,3.26282537684534,3.26282537684534,3.26282537684534,3.26282537684534,3.26282537684534,3.26282537684534,3.26282537684534,3.26282537684534,3.26282537684534,3.26282537684534,3.26282537684534,3.26282537684534,3.26282537684534,3.26282537684534
3.26272345011509,3.26272345011509,3.26272345011509,3.26272345011509,3.26272345011509,3.26272345011509,3.26272345011509,3.26272345011509,3.26272345011509,3.26272345011509,3.26272345011509,3.26272345011509,3.26272345011509,3.26272345011509,3.26272345011509,3.26272345011509,3.26272345011509,3.26272345011509,3.26272345011509,3.26272345011509,3.26272345011509,3.26272345011509,3.26272345011509,3.26272345011509,3.26272345011509,3.26272345011509,3.26272345011509,3.26272345011509,3.26272345011509,3.26272345011509,3.26272345011509,3.26272345011509,3.26272345011509,3.26272345011509,3.26272345011509,3.26272345011509,3.26272345011509,3.26272345011509
3.26259286327603,3.26259286327603,3.26259286327603,3.26259286327603,3.26259286327603,3.26259286327603,3.26259286327603,3.26259286327603,3.26259286327603,3.26259286327603,3.26259286327603,3.26259286327603,3.26259286327603,3.26259286327603,3.26259286327603,3.26259286327603,3.26259286327603,3.26259286327603,3.26259286327603,3.26259286327603,3.26259286327603,3.26259286327603,3.26259286327603,3.26259286327603,3.26259286327603,3.26259286327603,3.26259286327603,3.26259286327603,3.26259286327603,3.26259286327603,3.26259286327603,3.26259286327603,3.26259286327603,3.26259286327603,3.26259286327603,3.26259286327603,3.26259286327603,3.26259286327603
3.26246333434861,3.26246333434861,3.26246333434861,3.26246333434861,3.26246333434861,3.26246333434861,3.26246333434861,3.26246333434861,3.26246333434861,3.26246333434861,3.26246333434861,3.26246333434861,3.26246333434861,3.26246333434861,3.26246333434861,3.26246333434861,3.26246333434861,3.26246333434861,3.26246333434861,3.26246333434861,3.26246333434861,3.26246333434861,3.26246333434861,3.26246333434861,3.26246333434861,3.26246333434861,3.26246333434861,3.26246333434861,3.26246333434861,3.26246333434861,3.26246333434861,3.26246333434861,3.26246333434861,3.26246333434861,3.26246333434861,3.26246333434861,3.26246333434861,3.26246333434861
3.26227713097786,3.26227713097786,3.26227713097786,3.26227713097786,3.26227713097786,3.26227713097786,3.26227713097786,3.26227713097786,3.26227713097786,3.26227713097786,3.26227713097786,3.26227713097786,3.26227713097786,3.26227713097786,3.26227713097786,3.26227713097786,3.26227713097786,3.26227713097786,3.26227713097786,3.26227713097786,3.26227713097786,3.26227713097786,3.26227713097786,3.26227713097786,3.26227713097786,3.26227713097786,3.26227713097786,3.26227713097786,3.26227713097786,3.26227713097786,3.26227713097786,3.26227713097786,3.26227713097786,3.26227713097786,3.26227713097786,3.26227713097786,3.26227713097786,3.26227713097786
3.26200477884809,3.26200477884809,3.26200477884809,3.26200477884809,3.26200477884809,3.26200477884809,3.26200477884809,3.26200477884809,3.26200477884809,3.26200477884809,3.26200477884809,3.26200477884809,3.26200477884809,3.26200477884809,3.26200477884809,3.26200477884809,3.26200477884809,3.26200477884809,3.26200477884809,3.26200477884809,3.26200477884809,3.26200477884809,3.26200477884809,3.26200477884809,3.26200477884809,3.26200477884809,3.26200477884809,3.26200477884809,3.26200477884809,3.26200477884809,3.26200477884809,3.26200477884809,3.26200477884809,3.26200477884809,3.26200477884809,3.26200477884809,3.26200477884809,3.26200477884809
3.26161635402198,3.26161635402198,3.26161635402198,3.26161635402198,3.26161635402198,3.26161635402198,3.26161635402198,3.26161635402198,3.26161635402198,3.26161635402198,3.26161635402198,3.26161635402198,3.26161635402198,3.26161635402198,3.26161635402198,3.26161635402198,3.26161635402198,3.26161635402198,3.26161635402198,3.26161635402198,3.26161635402198,3.26161635402198,3.26161635402198,3.26161635402198,3.26161635402198,3.26161635402198,3.26161635402198,3.26161635402198,3.26161635402198,3.26161635402198,3.26161635402198,3.26161635402198,3.26161635402198,3.26161635402198,3.26161635402198,3.26161635402198,3.26161635402198,3.26161635402198
3.26108138327333,3.26108138327333,3.26108138327333,3.26108138327333,3.26108138327333,3.26108138327333,3.26108138327333,3.26108138327333,3.26108138327333,3.26108138327333,3.26108138327333,3.26108138327333,3.26108138327333,3.26108138327333,3.26108138327333,3.26108138327333,3.26108138327333,3.26108138327333,3.26108138327333,3.26108138327333,3.26108138327333,3.26108138327333,3.26108138327333,3.26108138327333,3.26108138327333,3.26108138327333,3.26108138327333,3.26108138327333,3.26108138327333,3.26108138327333,3.26108138327333,3.26108138327333,3.26108138327333,3.26108138327333,3.26108138327333,3.26108138327333,3.26108138327333,3.26108138327333
3.26036876071887,3.26036876071887,3.26036876071887,3.26036876071887,3.26036876071887,3.26036876071887,3.26036876071887,3.26036876071887,3.26036876071887,3.26036876071887,3.26036876071887,3.26036876071887,3.26036876071887,3.26036876071887,3.26036876071887,3.26036876071887,3.26036876071887,3.26036876071887,3.26036876071887,3.26036876071887,3.26036876071887,3.26036876071887,3.26036876071887,3.26036876071887,3.26036876071887,3.26036876071887,3.26036876071887,3.26036876071887,3.26036876071887,3.26036876071887,3.26036876071887,3.26036876071887,3.26036876071887,3.26036876071887,3.26036876071887,3.26036876071887,3.26036876071887,3.26036876071887
3.25944649584306,3.25944649584306,3.25944649584306,3.25944649584306,3.25944649584306,3.25944649584306,3.25944649584306,3.25944649584306,3.25944649584306,3.25944649584306,3.25944649584306,3.25944649584306,3.25944649584306,3.25944649584306,3.25944649584306,3.25944649584306,3.25944649584306,3.25944649584306,3.25944649584306,3.25944649584306,3.25944649584306,3.25944649584306,3.25944649584306,3.25944649584306,3.25944649584306,3.25944649584306,3.25944649584306,3.25944649584306,3.25944649584306,3.25944649584306,3.25944649584306,3.25944649584306,3.25944649584306,3.25944649584306,3.25944649584306,3.25944649584306,3.25944649584306,3.25944649584306
3.25825291716839,3.25825291716839,3.25825291716839,3.25825291716839,3.25825291716839,3.25825291716839,3.25825291716839,3.25825291716839,3.25825291716839,3.25825291716839,3.25825291716839,3.25825291716839,3.25825291716839,3.25825291716839,3.25825291716839,3.25825291716839,3.25825291716839,3.25825291716839,3.25825291716839,3.25825291716839,3.25825291716839,3.25825291716839,3.25825291716839,3.25825291716839,3.25825291716839,3.25825291716839,3.25825291716839,3.25825291716839,3.25825291716839,3.25825291716839,3.25825291716839,3.25825291716839,3.25825291716839,3.25825291716839,3.25825291716839,3.25825291716839,3.25825291716839,3.25825291716839
3.25680983967009,3.25680983967009,3.25680983967009,3.25680983967009,3.25680983967009,3.25680983967009,3.25680983967009,3.25680983967009,3.25680983967009,3.25680983967009,3.25680983967009,3.25680983967009,3.25680983967009,3.25680983967009,3.25680983967009,3.25680983967009,3.25680983967009,3.25680983967009,3.25680983967009,3.25680983967009,3.25680983967009,3.25680983967009,3.25680983967009,3.25680983967009,3.25680983967009,3.25680983967009,3.25680983967009,3.25680983967009,3.25680983967009,3.25680983967009,3.25680983967009,3.25680983967009,3.25680983967009,3.25680983967009,3.25680983967009,3.25680983967009,3.25680983967009,3.25680983967009
3.25505422877619,3.25505422877619,3.25505422877619,3.25505422877619,3.25505422877619,3.25505422877619,3.25505422877619,3.25505422877619,3.25505422877619,3.25505422877619,3.25505422877619,3.25505422877619,3.25505422877619,3.25505422877619,3.25505422877619,3.25505422877619,3.25505422877619,3.25505422877619,3.25505422877619,3.25505422877619,3.25505422877619,3.25505422877619,3.25505422877619,3.25505422877619,3.25505422877619,3.25505422877619,3.25505422877619,3.25505422877619,3.25505422877619,3.25505422877619,3.25505422877619,3.25505422877619,3.25505422877619,3.25505422877619,3.25505422877619,3.25505422877619,3.25505422877619,3.25505422877619
3.25287539042648,3.25287539042648,3.25287539042648,3.25287539042648,3.25287539042648,3.25287539042648,3.25287539042648,3.25287539042648,3.25287539042648,3.25287539042648,3.25287539042648,3.25287539042648,3.25287539042648,3.25287539042648,3.25287539042648,3.25287539042648,3.25287539042648,3.25287539042648,3.25287539042648,3.25287539042648,3.25287539042648,3.25287539042648,3.25287539042648,3.25287539042648,3.25287539042648,3.25287539042648,3.25287539042648,3.25287539042648,3.25287539042648,3.25287539042648,3.25287539042648,3.25287539042648,3.25287539042648,3.25287539042648,3.25287539042648,3.25287539042648,3.25287539042648,3.25287539042648
3.25021395323705,3.25021395323705,3.25021395323705,3.25021395323705,3.25021395323705,3.25021395323705,3.25021395323705,3.25021395323705,3.25021395323705,3.25021395323705,3.25021395323705,3.25021395323705,3.25021395323705,3.25021395323705,3.25021395323705,3.25021395323705,3.25021395323705,3.25021395323705,3.25021395323705,3.25021395323705,3.25021395323705,3.25021395323705,3.25021395323705,3.25021395323705,3.25021395323705,3.25021395323705,3.25021395323705,3.25021395323705,3.25021395323705,3.25021395323705,3.25021395323705,3.25021395323705,3.25021395323705,3.25021395323705,3.25021395323705,3.25021395323705,3.25021395323705,3.25021395323705
3.24711287780519,3.24711287780519,3.24711287780519,3.24711287780519,3.24711287780519,3.24711287780519,3.24711287780519,3.24711287780519,3.24711287780519,3.24711287780519,3.24711287780519,3.24711287780519,3.24711287780519,3.24711287780519,3.24711287780519,3.24711287780519,3.24711287780519,3.24711287780519,3.24711287780519,3.24711287780519,3.24711287780519,3.24711287780519,3.24711287780519,3.24711287780519,3.24711287780519,3.24711287780519,3.24711287780519,3.24711287780519,3.24711287780519,3.24711287780519,3.24711287780519,3.24711287780519,3.24711287780519,3.24711287780519,3.24711287780519,3.24711287780519,3.24711287780519,3.24711287780519
3.24352904313558,3.24352904313558,3.24352904313558,3.24352904313558,3.24352904313558,3.24352904313558,3.24352904313558,3.24352904313558,3.24352904313558,3.24352904313558,3.24352904313558,3.24352904313558,3.24352904313558,3.24352904313558,3.24352904313558,3.24352904313558,3.24352904313558,3.24352904313558,3.24352904313558,3.24352904313558,3.24352904313558,3.24352904313558,3.24352904313558,3.24352904313558,3.24352904313558,3.24352904313558,3.24352904313558,3.24352904313558,3.24352904313558,3.24352904313558,3.24352904313558,3.24352904313558,3.24352904313558,3.24352904313558,3.24352904313558,3.24352904313558,3.24352904313558,3.24352904313558
3.23938989325706,3.23938989325706,3.23938989325706,3.23938989325706,3.23938989325706,3.23938989325706,3.23938989325706,3.23938989325706,3.23938989325706,3.23938989325706,3.23938989325706,3.23938989325706,3.23938989325706,3.23938989325706,3.23938989325706,3.23938989325706,3.23938989325706,3.23938989325706,3.23938989325706,3.23938989325706,3.23938989325706,3.23938989325706,3.23938989325706,3.23938989325706,3.23938989325706,3.23938989325706,3.23938989325706,3.23938989325706,3.23938989325706,3.23938989325706,3.23938989325706,3.23938989325706,3.23938989325706,3.23938989325706,3.23938989325706,3.23938989325706,3.23938989325706,3.23938989325706
3.23469801081379,3.23469801081379,3.23469801081379,3.23469801081379,3.23469801081379,3.23469801081379,3.23469801081379,3.23469801081379,3.23469801081379,3.23469801081379,3.23469801081379,3.23469801081379,3.23469801081379,3.23469801081379,3.23469801081379,3.23469801081379,3.23469801081379,3.23469801081379,3.23469801081379,3.23469801081379,3.23469801081379,3.23469801081379,3.23469801081379,3.23469801081379,3.23469801081379,3.23469801081379,3.23469801081379,3.23469801081379,3.23469801081379,3.23469801081379,3.23469801081379,3.23469801081379,3.23469801081379,3.23469801081379,3.23469801081379,3.23469801081379,3.23469801081379,3.23469801081379
3.22937543515488,3.22937543515488,3.22937543515488,3.22937543515488,3.22937543515488,3.22937543515488,3.22937543515488,3.22937543515488,3.22937543515488,3.22937543515488,3.22937543515488,3.22937543515488,3.22937543515488,3.22937543515488,3.22937543515488,3.22937543515488,3.22937543515488,3.22937543515488,3.22937543515488,3.22937543515488,3.22937543515488,3.22937543515488,3.22937543515488,3.22937543515488,3.22937543515488,3.22937543515488,3.22937543515488,3.22937543515488,3.22937543515488,3.22937543515488,3.22937543515488,3.22937543515488,3.22937543515488,3.22937543515488,3.22937543515488,3.22937543515488,3.22937543515488,3.22937543515488
3.22336537110035,3.22336537110035,3.22336537110035,3.22336537110035,3.22336537110035,3.22336537110035,3.22336537110035,3.22336537110035,3.22336537110035,3.22336537110035,3.22336537110035,3.22336537110035,3.22336537110035,3.22336537110035,3.22336537110035,3.22336537110035,3.22336537110035,3.22336537110035,3.22336537110035,3.22336537110035,3.22336537110035,3.22336537110035,3.22336537110035,3.22336537110035,3.22336537110035,3.22336537110035,3.22336537110035,3.22336537110035,3.22336537110035,3.22336537110035,3.22336537110035,3.22336537110035,3.22336537110035,3.22336537110035,3.22336537110035,3.22336537110035,3.22336537110035,3.22336537110035
3.21660651177558,3.21660651177558,3.21660651177558,3.21660651177558,3.21660651177558,3.21660651177558,3.21660651177558,3.21660651177558,3.21660651177558,3.21660651177558,3.21660651177558,3.21660651177558,3.21660651177558,3.21660651177558,3.21660651177558,3.21660651177558,3.21660651177558,3.21660651177558,3.21660651177558,3.21660651177558,3.21660651177558,3.21660651177558,3.21660651177558,3.21660651177558,3.21660651177558,3.21660651177558,3.21660651177558,3.21660651177558,3.21660651177558,3.21660651177558,3.21660651177558,3.21660651177558,3.21660651177558,3.21660651177558,3.21660651177558,3.21660651177558,3.21660651177558,3.21660651177558
3.20903254913785,3.20903254913785,3.20903254913785,3.20903254913785,3.20903254913785,3.20903254913785,3.20903254913785,3.20903254913785,3.20903254913785,3.20903254913785,3.20903254913785,3.20903254913785,3.20903254913785,3.20903254913785,3.20903254913785,3.20903254913785,3.20903254913785,3.20903254913785,3.20903254913785,3.20903254913785,3.20903254913785,3.20903254913785,3.20903254913785,3.20903254913785,3.20903254913785,3.20903254913785,3.20903254913785,3.20903254913785,3.20903254913785,3.20903254913785,3.20903254913785,3.20903254913785,3.20903254913785,3.20903254913785,3.20903254913785,3.20903254913785,3.20903254913785,3.20903254913785
3.20054647863151,3.20054647863151,3.20054647863151,3.20054647863151,3.20054647863151,3.20054647863151,3.20054647863151,3.20054647863151,3.20054647863151,3.20054647863151,3.20054647863151,3.20054647863151,3.20054647863151,3.20054647863151,3.20054647863151,3.20054647863151,3.20054647863151,3.20054647863151,3.20054647863151,3.20054647863151,3.20054647863151,3.20054647863151,3.20054647863151,3.20054647863151,3.20054647863151,3.20054647863151,3.20054647863151,3.20054647863151,3.20054647863151,3.20054647863151,3.20054647863151,3.20054647863151,3.20054647863151,3.20054647863151,3.20054647863151,3.20054647863151,3.20054647863151,3.20054647863151
3.19111965373475,3.19111965373475,3.19111965373475,3.19111965373475,3.19111965373475,3.19111965373475,3.19111965373475,3.19111965373475,3.19111965373475,3.19111965373475,3.19111965373475,3.19111965373475,3.19111965373475,3.19111965373475,3.19111965373475,3.19111965373475,3.19111965373475,3.19111965373475,3.19111965373475,3.19111965373475,3.19111965373475,3.19111965373475,3.19111965373475,3.19111965373475,3.19111965373475,3.19111965373475,3.19111965373475,3.19111965373475,3.19111965373475,3.19111965373475,3.19111965373475,3.19111965373475,3.19111965373475,3.19111965373475,3.19111965373475,3.19111965373475,3.19111965373475,3.19111965373475
3.18064414827879,3.18064414827879,3.18064414827879,3.18064414827879,3.18064414827879,3.18064414827879,3.18064414827879,3.18064414827879,3.18064414827879,3.18064414827879,3.18064414827879,3.18064414827879,3.18064414827879,3.18064414827879,3.18064414827879,3.18064414827879,3.18064414827879,3.18064414827879,3.18064414827879,3.18064414827879,3.18064414827879,3.18064414827879,3.18064414827879,3.18064414827879,3.18064414827879,3.18064414827879,3.18064414827879,3.18064414827879,3.18064414827879,3.18064414827879,3.18064414827879,3.18064414827879,3.18064414827879,3.18064414827879,3.18064414827879,3.18064414827879,3.18064414827879,3.18064414827879
3.16881875680915,3.16881875680915,3.16881875680915,3.16881875680915,3.16881875680915,3.16881875680915,3.16881875680915,3.16881875680915,3.16881875680915,3.16881875680915,3.16881875680915,3.16881875680915,3.16881875680915,3.16881875680915,3.16881875680915,3.16881875680915,3.16881875680915,3.16881875680915,3.16881875680915,3.16881875680915,3.16881875680915,3.16881875680915,3.16881875680915,3.16881875680915,3.16881875680915,3.16881875680915,3.16881875680915,3.16881875680915,3.16881875680915,3.16881875680915,3.16881875680915,3.16881875680915,3.16881875680915,3.16881875680915,3.16881875680915,3.16881875680915,3.16881875680915,3.16881875680915
3.15449803684369,3.15449803684369,3.15449803684369,3.15449803684369,3.15449803684369,3.15449803684369,3.15449803684369,3.15449803684369,3.15449803684369,3.15449803684369,3.15449803684369,3.15449803684369,3.15449803684369,3.15449803684369,3.15449803684369,3.15449803684369,3.15449803684369,3.15449803684369,3.15449803684369,3.15449803684369,3.15449803684369,3.15449803684369,3.15449803684369,3.15449803684369,3.15449803684369,3.15449803684369,3.15449803684369,3.15449803684369,3.15449803684369,3.15449803684369,3.15449803684369,3.15449803684369,3.15449803684369,3.15449803684369,3.15449803684369,3.15449803684369,3.15449803684369,3.15449803684369
3.13877956687829,3.13877956687829,3.13877956687829,3.13877956687829,3.13877956687829,3.13877956687829,3.13877956687829,3.13877956687829,3.13877956687829,3.13877956687829,3.13877956687829,3.13877956687829,3.13877956687829,3.13877956687829,3.13877956687829,3.13877956687829,3.13877956687829,3.13877956687829,3.13877956687829,3.13877956687829,3.13877956687829,3.13877956687829,3.13877956687829,3.13877956687829,3.13877956687829,3.13877956687829,3.13877956687829,3.13877956687829,3.13877956687829,3.13877956687829,3.13877956687829,3.13877956687829,3.13877956687829,3.13877956687829,3.13877956687829,3.13877956687829,3.13877956687829,3.13877956687829
3.12159741866758,3.12159741866758,3.12159741866758,3.12159741866758,3.12159741866758,3.12159741866758,3.12159741866758,3.12159741866758,3.12159741866758,3.12159741866758,3.12159741866758,3.12159741866758,3.12159741866758,3.12159741866758,3.12159741866758,3.12159741866758,3.12159741866758,3.12159741866758,3.12159741866758,3.12159741866758,3.12159741866758,3.12159741866758,3.12159741866758,3.12159741866758,3.12159741866758,3.12159741866758,3.12159741866758,3.12159741866758,3.12159741866758,3.12159741866758,3.12159741866758,3.12159741866758,3.12159741866758,3.12159741866758,3.12159741866758,3.12159741866758,3.12159741866758,3.12159741866758
3.10280744739268,3.10280744739268,3.10280744739268,3.10280744739268,3.10280744739268,3.10280744739268,3.10280744739268,3.10280744739268,3.10280744739268,3.10280744739268,3.10280744739268,3.10280744739268,3.10280744739268,3.10280744739268,3.10280744739268,3.10280744739268,3.10280744739268,3.10280744739268,3.10280744739268,3.10280744739268,3.10280744739268,3.10280744739268,3.10280744739268,3.10280744739268,3.10280744739268,3.10280744739268,3.10280744739268,3.10280744739268,3.10280744739268,3.10280744739268,3.10280744739268,3.10280744739268,3.10280744739268,3.10280744739268,3.10280744739268,3.10280744739268,3.10280744739268,3.10280744739268
